# arcade-8px - bitmap data derived from "Press Start 2P" (c) The Press Start 2P Project Authors, SIL OFL 1.1, see OFL-press-start-2p.txt
# format: codepoint(hex) advance x_offset top_row width height rows(hex, top first)
@ px=8 ascent=8 descent=0
0 0 0 0 0 0 -
d 8 0 0 0 0 -
20 8 0 0 0 0 -
21 8 2 7 3 7 eeecc0c
22 8 1 7 5 3 d8d8d8
23 8 0 7 7 7 6cfe6c6c6cfe6c
24 8 0 7 7 7 107cd07c16fc10
25 8 0 7 7 7 62a4c810264a8c
26 8 0 7 7 7 70d8d870dacc7e
27 8 2 7 2 3 ccc
28 8 2 7 4 7 36ccc63
29 8 1 7 4 7 c63336c
2a 8 0 6 7 5 6c38fe386c
2b 8 1 6 6 5 3030fc3030
2c 8 1 2 3 3 66c
2d 8 1 4 6 1 fc
2e 8 2 2 2 2 cc
2f 8 0 7 7 7 02040810204080
30 8 0 7 7 7 384cc6c6c66438
31 8 1 7 6 7 307030303030fc
32 8 0 7 7 7 7cc60e3c78e0fe
33 8 0 7 7 7 7e0c183c06c67c
34 8 0 7 7 7 1c3c6cccfe0c0c
35 8 0 7 7 7 fcc0fc0606c67c
36 8 0 7 7 7 3c60c0fcc6c67c
37 8 0 7 7 7 fec60c18303030
38 8 0 7 7 7 78c4e4789e867c
39 8 0 7 7 7 7cc6c67e060c78
3a 8 2 6 2 5 cc0cc
3b 8 1 6 3 6 66066c
3c 8 1 7 5 7 183060c0603018
3d 8 0 5 7 3 fe00fe
3e 8 1 7 5 7 c06030183060c0
3f 8 0 7 7 7 7cfec60c380038
40 8 0 7 7 7 7c82baaabe807c
41 8 0 7 7 7 386cc6c6fec6c6
42 8 0 7 7 7 fcc6c6fcc6c6fc
43 8 0 7 7 7 3c66c0c0c0663c
44 8 0 7 7 7 f8ccc6c6c6ccf8
45 8 0 7 7 7 fec0c0fcc0c0fe
46 8 0 7 7 7 fec0c0fcc0c0c0
47 8 0 7 7 7 3e60c0cec6663e
48 8 0 7 7 7 c6c6c6fec6c6c6
49 8 1 7 6 7 fc3030303030fc
4a 8 0 7 7 7 0606060606c67c
4b 8 0 7 7 7 c6ccd8f0f8dcce
4c 8 1 7 6 7 c0c0c0c0c0c0fc
4d 8 0 7 7 7 c6eefed6d6c6c6
4e 8 0 7 7 7 c6e6f6decec6c6
4f 8 0 7 7 7 7cc6c6c6c6c67c
50 8 0 7 7 7 fcc6c6c6fcc0c0
51 8 0 7 7 7 7cc6c6c6decc7a
52 8 0 7 7 7 fcc6c6cef8dcce
53 8 0 7 7 7 7cc6c07c06c67c
54 8 1 7 6 7 fc303030303030
55 8 0 7 7 7 c6c6c6c6c6c67c
56 8 0 7 7 7 c6c6c6ee7c3810
57 8 0 7 7 7 d6d6d6d6feee44
58 8 0 7 7 7 c6c66c386cc6c6
59 8 1 7 6 7 cccccc78303030
5a 8 0 7 7 7 fe0e1c3870e0fe
5b 8 2 7 4 7 fcccccf
5c 8 0 7 7 7 80402010080402
5d 8 1 7 4 7 f33333f
5e 8 1 7 5 2 70d8
5f 8 0 0 7 1 fe
60 8 3 7 2 2 84
61 8 0 5 7 5 7c067ec67e
62 8 0 7 7 7 c0c0fcc6c6c67c
63 8 0 5 7 5 7ec0c0c07e
64 8 0 7 7 7 06067ec6c6c67e
65 8 0 5 7 5 7cc6fec07c
66 8 1 7 6 7 1c30fc30303030
67 8 0 5 7 6 7ec6c67e067c
68 8 0 7 7 7 c0c0fcc6c6c6c6
69 8 1 7 6 7 300070303030fc
6a 8 1 7 5 8 18003818181818f0
6b 8 0 7 7 7 c0c0c6ccf8ccc6
6c 8 1 7 6 7 703030303030fc
6d 8 0 5 7 5 fcb6b6b6b6
6e 8 0 5 7 5 fcc6c6c6c6
6f 8 0 5 7 5 7cc6c6c67c
70 8 0 5 7 6 fcc6c6fcc0c0
71 8 0 5 7 6 7ec6c67e0606
72 8 1 5 6 5 dce0c0c0c0
73 8 0 5 7 5 7cc07c06fc
74 8 1 7 6 7 3030fc30303030
75 8 0 5 7 5 c6c6c6c67e
76 8 1 5 6 5 cccccc7830
77 8 0 5 7 5 d6d6d6d66c
78 8 0 5 7 5 c66c386cc6
79 8 0 5 7 6 c6c6c67e067c
7a 8 0 5 7 5 fe1c3870fe
7b 8 2 7 4 7 366c663
7c 8 3 7 2 7 ccccccc
7d 8 1 7 4 7 c66366c
7e 8 0 5 7 3 70ba1c
a0 8 0 0 0 0 -
a1 8 2 7 3 7 6066eee
a2 8 0 7 7 7 107cd6d0d67c10
a3 8 0 7 7 7 3c6660fc6060fe
a4 8 1 6 6 5 b4484848b4
a5 8 1 7 6 7 cccc78fc30fc30
a6 8 3 7 2 7 ccc0ccc
a7 8 1 7 6 7 78ccf0483ccc78
a8 8 1 7 5 1 d8
a9 8 0 7 8 8 3c4299a1a199423c
aa 8 1 7 5 4 f078d878
ab 8 0 6 7 5 366cd86c36
ac 8 1 5 6 3 fc0c0c
ad 8 1 4 6 1 fc
ae 8 0 7 8 8 3c42b9a5b9a5423c
af 8 1 7 5 1 f8
b0 8 2 7 3 3 4a4
b1 8 1 7 6 7 3030fc303000fc
b2 8 2 7 4 4 e36f
b3 8 2 7 4 4 f63e
b4 8 3 7 2 2 48
b5 8 0 5 7 6 ccccccccf6c0
b6 8 1 7 6 7 7cd494d47c1414
b7 8 2 4 2 2 cc
b8 8 2 1 3 2 2c
b9 8 2 7 4 4 6e6f
ba 8 1 7 5 4 70d8d870
bb 8 0 6 7 5 d86c366cd8
bc 8 0 7 7 7 42c44852264e82
bd 8 0 7 7 7 42c4485622448e
be 8 0 7 7 7 e24428d2264e82
bf 8 0 7 7 7 38003860c6fe7c
c0 8 0 7 7 7 2010386cc6fec6
c1 8 0 7 7 7 0810386cc6fec6
c2 8 0 7 7 7 386c386cc6fec6
c3 8 0 7 7 7 3458386cc6fec6
c4 8 0 7 7 7 6c00386cc6fec6
c5 8 0 7 7 7 1028386cc6fec6
c6 8 0 7 7 7 3e78d8def8d8de
c7 8 0 7 7 8 3c66c0c0663c0830
c8 8 0 7 7 7 2010fec0fcc0fe
c9 8 0 7 7 7 0810fec0fcc0fe
ca 8 0 7 7 7 386cfec0fcc0fe
cb 8 0 7 7 7 6c00fec0fcc0fe
cc 8 1 7 6 7 2010fc303030fc
cd 8 1 7 6 7 1020fc303030fc
ce 8 1 7 6 7 3078fc303030fc
cf 8 1 7 6 7 cc00fc303030fc
d0 8 0 7 7 7 786c66f6666c78
d1 8 0 7 7 7 3458e6f6fedece
d2 8 0 7 7 7 20107cc6c6c67c
d3 8 0 7 7 7 08107cc6c6c67c
d4 8 0 7 7 7 386c7cc6c6c67c
d5 8 0 7 7 7 34587cc6c6c67c
d6 8 0 7 7 7 6c007cc6c6c67c
d7 8 1 6 5 5 8850205088
d8 8 0 7 7 7 7cc6ced6e6c67c
d9 8 0 7 7 7 2010c6c6c6c67c
da 8 0 7 7 7 0810c6c6c6c67c
db 8 0 7 7 7 386c00c6c6c67c
dc 8 0 7 7 7 6c00c6c6c6c67c
dd 8 1 7 6 7 1020cccc783030
de 8 0 7 7 7 c0fcc6c6c6fcc0
df 8 1 7 6 7 78ccccd8ccecd8
e0 8 0 7 7 7 20107c067ec67e
e1 8 0 7 7 7 08107c067ec67e
e2 8 0 7 7 7 386c7c067ec67e
e3 8 0 7 7 7 34587c067ec67e
e4 8 0 7 7 7 6c007c067ec67e
e5 8 0 7 7 7 10287c067ec67e
e6 8 0 5 7 5 7c167ed07c
e7 8 0 5 7 6 7ec0c07e0830
e8 8 0 7 7 7 20107cc6fec07c
e9 8 0 7 7 7 08107cc6fec07c
ea 8 0 7 7 7 386c7cc6fec07c
eb 8 0 7 7 7 6c007cc6fec07c
ec 8 1 7 6 7 402000703030fc
ed 8 1 7 6 7 102000703030fc
ee 8 1 7 6 7 70d800703030fc
ef 8 1 7 6 7 d80070303030fc
f0 8 0 7 7 7 6478987cc6c67c
f1 8 0 7 7 7 3458fcc6c6c6c6
f2 8 0 7 7 7 20107cc6c6c67c
f3 8 0 7 7 7 08107cc6c6c67c
f4 8 0 7 7 7 386c7cc6c6c67c
f5 8 0 7 7 7 34587cc6c6c67c
f6 8 0 7 7 7 6c007cc6c6c67c
f7 8 1 6 6 5 3000fc0030
f8 8 0 5 7 5 7cced6e67c
f9 8 0 7 7 7 2010c6c6c6c67e
fa 8 0 7 7 7 0810c6c6c6c67e
fb 8 0 7 7 7 386c00c6c6c67e
fc 8 0 7 7 7 6c00c6c6c6c67e
fd 8 0 7 7 8 0810c6c6c67e067c
fe 8 0 7 7 8 c0c0fcc6c6fcc0c0
ff 8 0 7 7 8 6c00c6c6c67e067c
131 8 1 5 6 5 70303030fc
152 8 0 7 7 7 7ed8d8ded8d87e
153 8 0 5 7 5 7cd6ded07c
2bc 8 0 7 2 3 cc8
2c6 8 1 7 5 2 70d8
2da 8 1 7 5 3 70d870
2dc 8 1 7 5 2 68b0
300 0 -6 7 2 2 84
301 0 -5 7 2 2 48
2013 8 0 4 7 1 fe
2014 8 0 4 8 1 ff
2018 8 2 7 3 3 6cc
2019 8 2 7 3 3 66c
201a 8 2 3 3 3 66c
201c 8 1 7 6 3 6cd8d8
201d 8 1 7 6 3 6c6cd8
201e 8 0 3 6 3 6c6cd8
2022 8 2 5 4 4 6ff6
2026 8 0 2 7 2 9292
2039 8 2 6 4 5 36c63
203a 8 1 6 4 5 c636c
2044 8 0 7 7 7 02040810204080
20ac 8 0 7 7 7 1c36f860f8361c
2122 8 1 7 6 4 fc5c5454
2191 8 0 7 7 8 10387cfe38383838
2193 8 0 7 7 8 38383838fe7c3810
2215 8 0 7 7 7 02040810204080
