# tiny-5px - bitmap data derived from Tiny5 (c) The Tiny5 Project Authors, SIL OFL 1.1, see OFL-tiny5.txt
# format: codepoint(hex) advance x_offset top_row width height rows(hex, top first)
@ px=8 ascent=7 descent=2
20 2 0 0 0 0 -
21 2 0 4 1 5 88808
22 4 0 4 3 2 aa
23 6 0 4 5 5 50f850f850
24 4 0 4 3 6 46c2c4
25 5 0 4 4 4 9249
26 5 0 4 4 5 4a4a5
27 2 0 4 1 2 88
28 3 0 4 2 5 48884
29 3 0 4 2 5 84448
2a 4 0 4 3 4 4e4a
2b 4 0 3 3 3 4e4
2c 3 0 0 2 2 48
2d 4 0 2 3 1 e
2e 2 0 0 1 1 8
2f 3 0 4 2 5 44888
30 4 0 4 3 5 4aaa4
31 4 0 4 2 5 4c444
32 4 0 4 3 5 c248e
33 4 0 4 3 5 c242c
34 4 0 4 3 5 26ae2
35 4 0 4 3 5 e8c2c
36 4 0 4 3 5 68ca4
37 4 0 4 3 5 e2444
38 4 0 4 3 5 4a4a4
39 4 0 4 3 5 4a62c
3a 2 0 3 1 4 8008
3b 3 0 3 2 5 40048
3c 4 0 4 3 5 24842
3d 4 0 3 3 3 e0e
3e 4 0 4 3 5 84248
3f 4 0 4 3 5 c2404
40 5 0 4 4 5 69b86
41 5 0 4 4 5 69f99
42 5 0 4 4 5 e9e9e
43 5 0 4 4 5 69896
44 5 0 4 4 5 e999e
45 5 0 4 4 5 f8e8f
46 5 0 4 4 5 f8e88
47 5 0 4 4 5 78b97
48 5 0 4 4 5 99f99
49 2 0 4 1 5 88888
4a 4 0 4 3 5 222a4
4b 5 0 4 4 5 9aca9
4c 4 0 4 3 5 8888e
4d 6 0 4 5 5 88d8a88888
4e 5 0 4 4 5 9db99
4f 5 0 4 4 5 69996
50 5 0 4 4 5 e9e88
51 5 0 4 4 5 699a5
52 5 0 4 4 5 e9e99
53 5 0 4 4 5 7861e
54 4 0 4 3 5 e4444
55 5 0 4 4 5 99996
56 4 0 4 3 5 aaa44
57 6 0 4 5 5 a8a8a85050
58 4 0 4 3 5 aa4aa
59 4 0 4 3 5 aa444
5a 4 0 4 3 5 e248e
5b 3 0 4 2 5 c888c
5c 3 0 4 2 5 88444
5d 3 0 4 2 5 c444c
5e 4 0 4 3 2 4a
5f 4 0 0 3 1 e
60 3 0 4 2 2 84
61 4 0 3 3 4 6aa6
62 4 0 4 3 5 8caac
63 4 0 3 3 4 6886
64 4 0 4 3 5 26aa6
65 4 0 3 3 4 4e86
66 3 0 4 2 5 48c88
67 4 0 3 3 5 6aa6c
68 4 0 4 3 5 8caaa
69 2 0 5 1 6 808888
6a 2 0 5 1 7 8088888
6b 4 0 4 3 5 8acaa
6c 2 0 4 1 5 88888
6d 6 0 3 5 4 f0a8a8a8
6e 4 0 3 3 4 caaa
6f 4 0 3 3 4 4aa4
70 4 0 3 3 5 caac8
71 4 0 3 3 5 6aa62
72 3 0 3 2 4 c888
73 4 0 3 3 4 6c2c
74 3 0 4 2 5 8c884
75 4 0 3 3 4 aaa6
76 4 0 3 3 4 aa44
77 6 0 3 5 4 a8a85050
78 4 0 3 3 4 a44a
79 4 0 3 3 5 aaa48
7a 4 0 3 3 4 e48e
7b 4 0 4 3 5 64846
7c 2 0 4 1 5 88888
7d 4 0 4 3 5 c424c
7e 3 0 2 2 1 c
a0 2 0 0 0 0 -
a1 2 0 4 1 5 80888
a2 4 0 4 3 5 46864
a3 5 0 4 4 5 25e4f
a4 5 0 3 4 4 9669
a5 4 0 4 3 5 aa4e4
a6 2 0 4 1 5 88088
a7 4 0 4 3 5 6ca6c
a8 4 0 4 3 1 a
a9 4 0 4 3 4 6886
aa 4 0 4 3 4 6aa6
ab 6 0 3 5 3 489048
ac 4 0 2 3 2 e2
ae 4 0 4 3 4 caca
af 4 0 4 3 1 e
b0 4 0 4 3 3 4a4
b1 4 0 4 3 5 4e40e
b2 4 0 4 3 4 c24e
b3 4 0 4 3 4 e42c
b4 3 0 4 2 2 48
b5 4 0 3 3 5 aaae8
b6 4 0 4 3 5 6e622
b7 2 0 2 1 1 8
b8 2 0 0 1 1 8
b9 3 0 4 2 4 4c44
ba 4 0 4 3 4 4aa4
bb 6 0 3 5 3 904890
bc 9 0 4 8 5 48c9535701
bd 10 0 4 9 5 480cb0508510038
be 10 0 4 9 5 e40448298cb8008
bf 4 0 4 3 5 40486
c0 5 0 7 4 8 42069f99
c1 5 0 7 4 8 24069f99
c2 5 0 7 4 8 69069f99
c3 5 0 6 4 7 6069f99
c4 5 0 6 4 7 9069f99
c5 5 0 7 4 8 25269f99
c6 6 0 4 5 5 78a0f8a0b8
c7 5 0 4 4 6 698962
c8 5 0 7 4 8 420f8e8f
c9 5 0 7 4 8 240f8e8f
ca 5 0 7 4 8 690f8e8f
cb 5 0 6 4 7 90f8e8f
cc 2 -1 7 2 8 84044444
cd 2 0 7 2 8 48088888
ce 2 -1 7 3 8 4a044444
cf 2 -1 6 3 7 a044444
d0 5 0 4 4 5 e9d9e
d1 5 0 6 4 7 609db99
d2 5 0 7 4 8 42069996
d3 5 0 7 4 8 24069996
d4 5 0 7 4 8 69069996
d5 5 0 6 4 7 6069996
d6 5 0 6 4 7 9069996
d7 4 0 3 3 3 a4a
d8 5 0 4 4 5 6bd96
d9 5 0 7 4 8 42099996
da 5 0 7 4 8 24099996
db 5 0 7 4 8 69099996
dc 5 0 6 4 7 9099996
dd 4 0 7 3 8 240aa444
de 5 0 4 4 5 8e9e8
df 5 0 4 4 5 69a9a
e0 4 0 6 3 7 8406aa6
e1 4 0 6 3 7 2406aa6
e2 4 0 6 3 7 4a06aa6
e3 4 0 5 3 6 606aa6
e4 4 0 5 3 6 a06aa6
e5 4 0 6 3 7 4a46aa6
e6 6 0 3 5 4 70b8a078
e7 4 0 3 3 5 68864
e8 4 0 6 3 7 8404e86
e9 4 0 6 3 7 2404e86
ea 4 0 6 3 7 4a04e86
eb 4 0 5 3 6 a04e86
ec 2 -1 6 2 7 8404444
ed 2 0 6 2 7 4808888
ee 2 -1 6 3 7 4a04444
ef 2 -1 5 3 6 a04444
f0 4 0 4 3 5 426a4
f1 4 0 5 3 6 c0caaa
f2 4 0 6 3 7 8404aa4
f3 4 0 6 3 7 2404aa4
f4 4 0 6 3 7 4a04aa4
f5 4 0 5 3 6 604aa4
f6 4 0 5 3 6 a04aa4
f7 4 0 4 3 5 40e04
f8 4 0 3 3 4 4ea4
f9 4 0 6 3 7 840aaa6
fa 4 0 6 3 7 240aaa6
fb 4 0 6 3 7 4a0aaa6
fc 4 0 5 3 6 a0aaa6
fd 4 0 6 3 8 240aaa48
fe 4 0 4 3 6 8caac8
ff 4 0 5 3 7 a0aaa48
131 2 0 3 1 4 8888
152 6 0 4 5 5 78a0b8a078
153 6 0 3 5 4 50b8a058
2bb 2 0 4 1 2 88
2bc 2 0 4 1 2 88
2c6 4 0 4 3 2 4a
2da 4 0 4 3 3 4a4
2dc 3 0 4 2 1 c
300 0 0 4 2 2 84
301 0 0 4 2 2 48
303 0 0 4 2 1 c
304 0 0 4 3 1 e
308 0 0 4 3 1 a
323 0 0 0 1 1 8
329 0 0 1 1 2 88
2013 4 0 2 3 1 e
2014 6 0 2 5 1 f8
2018 2 0 5 1 2 88
2019 2 0 5 1 2 88
201a 2 0 0 1 2 88
201c 4 0 5 3 2 aa
201d 4 0 5 3 2 aa
201e 4 0 0 3 2 aa
2022 3 0 3 2 2 cc
2026 6 0 0 5 1 a8
2032 2 0 5 1 2 88
2033 4 0 5 3 2 aa
2039 3 0 3 2 3 484
203a 3 0 3 2 3 848
2044 3 0 4 2 5 44888
20ac 5 0 4 4 5 69c96
2122 7 0 4 6 3 fc5c54
2191 6 0 4 5 5 2070f82020
2193 6 0 4 5 5 2020f87020
2212 3 0 2 2 1 c
